5
4 4 4 4 4

 101	1 3	4 5 	1 1	3 4	0 1
 102	5 5	1 3	1 3	5 7	2 2
 103	3 4	4 4 	1 2	2 3	2 3
 104	1 3	5 6	5 6	2 4	1 1
 201	2 4	4 5	3 4	6 7	1 1
 202	1 2	6 6	7 7	5 7	0 3
 203	6 7	2 3	3 4	4 5	3 3
 204	4 5	5 7	2 2	5 6	0 3
 301	7 7	4 6	4 6	4 4	3 3
 302	2 4	8 8	5 6	6 7	1 2
 303	4 6	6 6	4 4	5 6	0 0
 304	6 8	3 5	6 7	6 6	1 3
 401	6 8	5 5	5 6	8 8	0 0
 402	9 9	2 3	6 8	3 4	2 3
 403	6 7	7 7	6 6	6 8	0 3
 404	3 4	5 7	8 9	4 5	2 3
 501	2 2	8 10	10 10	3 3	1 3
 502	10 10	1 3	6 9	9 9	2 2
 503	3 3	9 10	2 4	9 10	1 2
 504	9 10	6 8	8 9	6 7	0 2


level_num
card_num[0] card_num[1] ... card_num[level_num-1]
id	top	left	right	bottom	element
